0.984808 -0.173648
0.984838 -0.173476
0.984868 -0.173304
0.984899 -0.173133
0.984929 -0.172961
0.984959 -0.172789
0.984989 -0.172617
0.985019 -0.172445
0.985049 -0.172273
0.985079 -0.172101
0.985109 -0.171929
0.985139 -0.171757
0.985169 -0.171585
0.985199 -0.171413
0.985229 -0.171241
0.985259 -0.171069
0.985289 -0.170897
0.985319 -0.170725
0.985348 -0.170553
0.985378 -0.170381
0.985408 -0.170209
0.985438 -0.170038
0.985467 -0.169866
0.985497 -0.169694
0.985526 -0.169522
0.985556 -0.169350
0.985586 -0.169177
0.985615 -0.169005
0.985645 -0.168833
0.985674 -0.168661
0.985703 -0.168489
0.985733 -0.168317
0.985762 -0.168145
0.985792 -0.167973
0.985821 -0.167801
0.985850 -0.167629
0.985879 -0.167457
0.985909 -0.167285
0.985938 -0.167113
0.985967 -0.166941
0.985996 -0.166769
0.986025 -0.166597
0.986054 -0.166425
0.986083 -0.166252
0.986112 -0.166080
0.986141 -0.165908
0.986170 -0.165736
0.986199 -0.165564
0.986228 -0.165392
0.986257 -0.165220
0.986286 -0.165048
0.986314 -0.164875
0.986343 -0.164703
0.986372 -0.164531
0.986401 -0.164359
0.986429 -0.164187
0.986458 -0.164015
0.986487 -0.163843
0.986515 -0.163670
0.986544 -0.163498
0.986572 -0.163326
0.986601 -0.163154
0.986629 -0.162982
0.986658 -0.162809
0.986686 -0.162637
0.986714 -0.162465
0.986743 -0.162293
0.986771 -0.162121
0.986799 -0.161948
0.986827 -0.161776
0.986856 -0.161604
0.986884 -0.161432
0.986912 -0.161259
0.986940 -0.161087
0.986968 -0.160915
0.986996 -0.160743
0.987024 -0.160570
0.987052 -0.160398
0.987080 -0.160226
0.987108 -0.160053
0.987136 -0.159881
0.987164 -0.159709
0.987192 -0.159537
0.987220 -0.159364
0.987248 -0.159192
0.987275 -0.159020
0.987303 -0.158847
0.987331 -0.158675
0.987359 -0.158503
0.987386 -0.158330
0.987414 -0.158158
0.987441 -0.157986
0.987469 -0.157813
0.987496 -0.157641
0.987524 -0.157469
0.987551 -0.157296
0.987579 -0.157124
0.987606 -0.156952
0.987634 -0.156779
0.987661 -0.156607
0.987688 -0.156434
0.987716 -0.156262
0.987743 -0.156090
0.987770 -0.155917
0.987797 -0.155745
0.987824 -0.155572
0.987852 -0.155400
0.987879 -0.155228
0.987906 -0.155055
0.987933 -0.154883
0.987960 -0.154710
0.987987 -0.154538
0.988014 -0.154366
0.988041 -0.154193
0.988068 -0.154021
0.988094 -0.153848
0.988121 -0.153676
0.988148 -0.153503
0.988175 -0.153331
0.988202 -0.153158
0.988228 -0.152986
0.988255 -0.152813
0.988282 -0.152641
0.988308 -0.152468
0.988335 -0.152296
0.988362 -0.152123
0.988388 -0.151951
0.988415 -0.151778
0.988441 -0.151606
0.988467 -0.151433
0.988494 -0.151261
0.988520 -0.151088
0.988547 -0.150916
0.988573 -0.150743
0.988599 -0.150571
0.988626 -0.150398
0.988652 -0.150226
0.988678 -0.150053
0.988704 -0.149880
0.988730 -0.149708
0.988756 -0.149535
0.988782 -0.149363
0.988809 -0.149190
0.988835 -0.149018
0.988861 -0.148845
0.988886 -0.148672
0.988912 -0.148500
0.988938 -0.148327
0.988964 -0.148155
0.988990 -0.147982
0.989016 -0.147809
0.989042 -0.147637
0.989067 -0.147464
0.989093 -0.147292
0.989119 -0.147119
0.989144 -0.146946
0.989170 -0.146774
0.989196 -0.146601
0.989221 -0.146428
0.989247 -0.146256
0.989272 -0.146083
0.989298 -0.145910
0.989323 -0.145738
0.989349 -0.145565
0.989374 -0.145392
0.989399 -0.145220
0.989425 -0.145047
0.989450 -0.144874
0.989475 -0.144702
0.989501 -0.144529
0.989526 -0.144356
0.989551 -0.144183
0.989576 -0.144011
0.989601 -0.143838
0.989626 -0.143665
0.989651 -0.143493
0.989676 -0.143320
0.989701 -0.143147
0.989726 -0.142974
0.989751 -0.142802
0.989776 -0.142629
0.989801 -0.142456
0.989826 -0.142283
0.989851 -0.142111
0.989876 -0.141938
0.989900 -0.141765
0.989925 -0.141592
0.989950 -0.141420
0.989974 -0.141247
0.989999 -0.141074
0.990024 -0.140901
0.990048 -0.140728
0.990073 -0.140556
0.990097 -0.140383
0.990122 -0.140210
0.990146 -0.140037
0.990171 -0.139864
0.990195 -0.139692
0.990219 -0.139519
0.990244 -0.139346
0.990268 -0.139173
0.990292 -0.139000
0.990317 -0.138827
0.990341 -0.138655
0.990365 -0.138482
0.990389 -0.138309
0.990413 -0.138136
0.990437 -0.137963
0.990461 -0.137790
0.990485 -0.137617
0.990509 -0.137445
0.990533 -0.137272
0.990557 -0.137099
0.990581 -0.136926
0.990605 -0.136753
0.990629 -0.136580
0.990653 -0.136407
0.990677 -0.136234
0.990700 -0.136061
0.990724 -0.135888
0.990748 -0.135716
0.990772 -0.135543
0.990795 -0.135370
0.990819 -0.135197
0.990842 -0.135024
0.990866 -0.134851
0.990889 -0.134678
0.990913 -0.134505
0.990936 -0.134332
0.990960 -0.134159
0.990983 -0.133986
0.991007 -0.133813
0.991030 -0.133640
0.991053 -0.133467
0.991076 -0.133294
0.991100 -0.133121
0.991123 -0.132948
0.991146 -0.132775
0.991169 -0.132602
0.991192 -0.132429
0.991216 -0.132256
0.991239 -0.132083
0.991262 -0.131910
0.991285 -0.131737
0.991308 -0.131564
0.991331 -0.131391
0.991353 -0.131218
0.991376 -0.131045
0.991399 -0.130872
0.991422 -0.130699
0.991445 -0.130526
0.991468 -0.130353
0.991490 -0.130180
0.991513 -0.130007
0.991536 -0.129834
0.991558 -0.129661
0.991581 -0.129488
0.991604 -0.129315
0.991626 -0.129142
0.991649 -0.128969
0.991671 -0.128796
0.991694 -0.128623
0.991716 -0.128449
0.991738 -0.128276
0.991761 -0.128103
0.991783 -0.127930
0.991805 -0.127757
0.991828 -0.127584
0.991850 -0.127411
0.991872 -0.127238
0.991894 -0.127065
0.991917 -0.126891
0.991939 -0.126718
0.991961 -0.126545
0.991983 -0.126372
0.992005 -0.126199
0.992027 -0.126026
0.992049 -0.125853
0.992071 -0.125680
0.992093 -0.125506
0.992115 -0.125333
0.992137 -0.125160
0.992158 -0.124987
0.992180 -0.124814
0.992202 -0.124641
0.992224 -0.124467
0.992245 -0.124294
0.992267 -0.124121
0.992289 -0.123948
0.992310 -0.123775
0.992332 -0.123601
0.992353 -0.123428
0.992375 -0.123255
0.992397 -0.123082
0.992418 -0.122909
0.992439 -0.122735
0.992461 -0.122562
0.992482 -0.122389
0.992504 -0.122216
0.992525 -0.122043
0.992546 -0.121869
0.992567 -0.121696
0.992589 -0.121523
0.992610 -0.121350
0.992631 -0.121176
0.992652 -0.121003
0.992673 -0.120830
0.992694 -0.120657
0.992715 -0.120483
0.992736 -0.120310
0.992757 -0.120137
0.992778 -0.119964
0.992799 -0.119790
0.992820 -0.119617
0.992841 -0.119444
0.992862 -0.119270
0.992883 -0.119097
0.992903 -0.118924
0.992924 -0.118751
0.992945 -0.118577
0.992966 -0.118404
0.992986 -0.118231
0.993007 -0.118057
0.993027 -0.117884
0.993048 -0.117711
0.993068 -0.117537
0.993089 -0.117364
0.993109 -0.117191
0.993130 -0.117017
0.993150 -0.116844
0.993171 -0.116671
0.993191 -0.116497
0.993211 -0.116324
0.993232 -0.116151
0.993252 -0.115977
0.993272 -0.115804
0.993292 -0.115631
0.993312 -0.115457
0.993333 -0.115284
0.993353 -0.115111
0.993373 -0.114937
0.993393 -0.114764
0.993413 -0.114590
0.993433 -0.114417
0.993453 -0.114244
0.993473 -0.114070
0.993493 -0.113897
0.993512 -0.113723
0.993532 -0.113550
0.993552 -0.113377
0.993572 -0.113203
0.993592 -0.113030
0.993611 -0.112856
0.993631 -0.112683
0.993651 -0.112510
0.993670 -0.112336
0.993690 -0.112163
0.993709 -0.111989
0.993729 -0.111816
0.993748 -0.111642
0.993768 -0.111469
0.993787 -0.111295
0.993807 -0.111122
0.993826 -0.110949
0.993845 -0.110775
0.993865 -0.110602
0.993884 -0.110428
0.993903 -0.110255
0.993923 -0.110081
0.993942 -0.109908
0.993961 -0.109734
0.993980 -0.109561
0.993999 -0.109387
0.994018 -0.109214
0.994037 -0.109040
0.994056 -0.108867
0.994075 -0.108693
0.994094 -0.108520
0.994113 -0.108346
0.994132 -0.108173
0.994151 -0.107999
0.994170 -0.107826
0.994189 -0.107652
0.994207 -0.107479
0.994226 -0.107305
0.994245 -0.107132
0.994264 -0.106958
0.994282 -0.106785
0.994301 -0.106611
0.994319 -0.106438
0.994338 -0.106264
0.994356 -0.106091
0.994375 -0.105917
0.994393 -0.105743
0.994412 -0.105570
0.994430 -0.105396
0.994449 -0.105223
0.994467 -0.105049
0.994485 -0.104876
0.994504 -0.104702
0.994522 -0.104528
0.994540 -0.104355
0.994558 -0.104181
0.994576 -0.104008
0.994595 -0.103834
0.994613 -0.103661
0.994631 -0.103487
0.994649 -0.103313
0.994667 -0.103140
0.994685 -0.102966
0.994703 -0.102793
0.994721 -0.102619
0.994739 -0.102445
0.994757 -0.102272
0.994774 -0.102098
0.994792 -0.101924
0.994810 -0.101751
0.994828 -0.101577
0.994845 -0.101404
0.994863 -0.101230
0.994881 -0.101056
0.994898 -0.100883
0.994916 -0.100709
0.994933 -0.100535
0.994951 -0.100362
0.994969 -0.100188
0.994986 -0.100014
0.995003 -0.099841
0.995021 -0.099667
0.995038 -0.099493
0.995056 -0.099320
0.995073 -0.099146
0.995090 -0.098972
0.995107 -0.098799
0.995125 -0.098625
0.995142 -0.098451
0.995159 -0.098278
0.995176 -0.098104
0.995193 -0.097930
0.995210 -0.097757
0.995227 -0.097583
0.995244 -0.097409
0.995261 -0.097235
0.995278 -0.097062
0.995295 -0.096888
0.995312 -0.096714
0.995329 -0.096541
0.995346 -0.096367
0.995363 -0.096193
0.995379 -0.096019
0.995396 -0.095846
0.995413 -0.095672
0.995430 -0.095498
0.995446 -0.095325
0.995463 -0.095151
0.995479 -0.094977
0.995496 -0.094803
0.995513 -0.094630
0.995529 -0.094456
0.995546 -0.094282
0.995562 -0.094108
0.995578 -0.093935
0.995595 -0.093761
0.995611 -0.093587
0.995627 -0.093413
0.995644 -0.093239
0.995660 -0.093066
0.995676 -0.092892
0.995692 -0.092718
0.995709 -0.092544
0.995725 -0.092371
0.995741 -0.092197
0.995757 -0.092023
0.995773 -0.091849
0.995789 -0.091675
0.995805 -0.091502
0.995821 -0.091328
0.995837 -0.091154
0.995853 -0.090980
0.995869 -0.090806
0.995884 -0.090633
0.995900 -0.090459
0.995916 -0.090285
0.995932 -0.090111
0.995947 -0.089937
0.995963 -0.089763
0.995979 -0.089590
0.995994 -0.089416
0.996010 -0.089242
0.996026 -0.089068
0.996041 -0.088894
0.996057 -0.088720
0.996072 -0.088547
0.996087 -0.088373
0.996103 -0.088199
0.996118 -0.088025
0.996134 -0.087851
0.996149 -0.087677
0.996164 -0.087503
0.996179 -0.087330
0.996195 -0.087156
0.996210 -0.086982
0.996225 -0.086808
0.996240 -0.086634
0.996255 -0.086460
0.996270 -0.086286
0.996285 -0.086112
0.996300 -0.085939
0.996315 -0.085765
0.996330 -0.085591
0.996345 -0.085417
0.996360 -0.085243
0.996375 -0.085069
0.996390 -0.084895
0.996405 -0.084721
0.996419 -0.084547
0.996434 -0.084374
0.996449 -0.084200
0.996464 -0.084026
0.996478 -0.083852
0.996493 -0.083678
0.996507 -0.083504
0.996522 -0.083330
0.996537 -0.083156
0.996551 -0.082982
0.996566 -0.082808
0.996580 -0.082634
0.996594 -0.082460
0.996609 -0.082286
0.996623 -0.082112
0.996637 -0.081939
0.996652 -0.081765
0.996666 -0.081591
0.996680 -0.081417
0.996694 -0.081243
0.996709 -0.081069
0.996723 -0.080895
0.996737 -0.080721
0.996751 -0.080547
0.996765 -0.080373
0.996779 -0.080199
0.996793 -0.080025
0.996807 -0.079851
0.996821 -0.079677
0.996835 -0.079503
0.996848 -0.079329
0.996862 -0.079155
0.996876 -0.078981
0.996890 -0.078807
0.996904 -0.078633
0.996917 -0.078459
0.996931 -0.078285
0.996945 -0.078111
0.996958 -0.077937
0.996972 -0.077763
0.996985 -0.077589
0.996999 -0.077415
0.997012 -0.077241
0.997026 -0.077067
0.997039 -0.076893
0.997053 -0.076719
0.997066 -0.076545
0.997079 -0.076371
0.997093 -0.076197
0.997106 -0.076023
0.997119 -0.075849
0.997133 -0.075675
0.997146 -0.075501
0.997159 -0.075327
0.997172 -0.075153
0.997185 -0.074979
0.997198 -0.074805
0.997211 -0.074631
0.997224 -0.074457
0.997237 -0.074283
0.997250 -0.074108
0.997263 -0.073934
0.997276 -0.073760
0.997289 -0.073586
0.997302 -0.073412
0.997314 -0.073238
0.997327 -0.073064
0.997340 -0.072890
0.997353 -0.072716
0.997365 -0.072542
0.997378 -0.072368
0.997391 -0.072194
0.997403 -0.072020
0.997416 -0.071846
0.997428 -0.071672
0.997441 -0.071497
0.997453 -0.071323
0.997466 -0.071149
0.997478 -0.070975
0.997490 -0.070801
0.997503 -0.070627
0.997515 -0.070453
0.997527 -0.070279
0.997540 -0.070105
0.997552 -0.069931
0.997564 -0.069756
0.997576 -0.069582
0.997588 -0.069408
0.997600 -0.069234
0.997613 -0.069060
0.997625 -0.068886
0.997637 -0.068712
0.997649 -0.068538
0.997660 -0.068364
0.997672 -0.068189
0.997684 -0.068015
0.997696 -0.067841
0.997708 -0.067667
0.997720 -0.067493
0.997732 -0.067319
0.997743 -0.067145
0.997755 -0.066970
0.997767 -0.066796
0.997778 -0.066622
0.997790 -0.066448
0.997801 -0.066274
0.997813 -0.066100
0.997825 -0.065926
0.997836 -0.065751
0.997847 -0.065577
0.997859 -0.065403
0.997870 -0.065229
0.997882 -0.065055
0.997893 -0.064881
0.997904 -0.064706
0.997916 -0.064532
0.997927 -0.064358
0.997938 -0.064184
0.997949 -0.064010
0.997960 -0.063836
0.997972 -0.063661
0.997983 -0.063487
0.997994 -0.063313
0.998005 -0.063139
0.998016 -0.062965
0.998027 -0.062791
0.998038 -0.062616
0.998049 -0.062442
0.998059 -0.062268
0.998070 -0.062094
0.998081 -0.061920
0.998092 -0.061745
0.998103 -0.061571
0.998113 -0.061397
0.998124 -0.061223
0.998135 -0.061049
0.998145 -0.060874
0.998156 -0.060700
0.998167 -0.060526
0.998177 -0.060352
0.998188 -0.060177
0.998198 -0.060003
0.998209 -0.059829
0.998219 -0.059655
0.998229 -0.059481
0.998240 -0.059306
0.998250 -0.059132
0.998260 -0.058958
0.998271 -0.058784
0.998281 -0.058609
0.998291 -0.058435
0.998301 -0.058261
0.998312 -0.058087
0.998322 -0.057913
0.998332 -0.057738
0.998342 -0.057564
0.998352 -0.057390
0.998362 -0.057216
0.998372 -0.057041
0.998382 -0.056867
0.998392 -0.056693
0.998402 -0.056519
0.998411 -0.056344
0.998421 -0.056170
0.998431 -0.055996
0.998441 -0.055822
0.998450 -0.055647
0.998460 -0.055473
0.998470 -0.055299
0.998479 -0.055124
0.998489 -0.054950
0.998499 -0.054776
0.998508 -0.054602
0.998518 -0.054427
0.998527 -0.054253
0.998537 -0.054079
0.998546 -0.053905
0.998555 -0.053730
0.998565 -0.053556
0.998574 -0.053382
0.998583 -0.053207
0.998593 -0.053033
0.998602 -0.052859
0.998611 -0.052685
0.998620 -0.052510
0.998630 -0.052336
0.998639 -0.052162
0.998648 -0.051987
0.998657 -0.051813
0.998666 -0.051639
0.998675 -0.051464
0.998684 -0.051290
0.998693 -0.051116
0.998702 -0.050942
0.998711 -0.050767
0.998719 -0.050593
0.998728 -0.050419
0.998737 -0.050244
0.998746 -0.050070
0.998754 -0.049896
0.998763 -0.049721
0.998772 -0.049547
0.998780 -0.049373
0.998789 -0.049198
0.998798 -0.049024
0.998806 -0.048850
0.998815 -0.048675
0.998823 -0.048501
0.998832 -0.048327
0.998840 -0.048152
0.998848 -0.047978
0.998857 -0.047804
0.998865 -0.047629
0.998873 -0.047455
0.998882 -0.047281
0.998890 -0.047106
0.998898 -0.046932
0.998906 -0.046758
0.998914 -0.046583
0.998923 -0.046409
0.998931 -0.046235
0.998939 -0.046060
0.998947 -0.045886
0.998955 -0.045712
0.998963 -0.045537
0.998971 -0.045363
0.998978 -0.045189
0.998986 -0.045014
0.998994 -0.044840
0.999002 -0.044666
0.999010 -0.044491
0.999018 -0.044317
0.999025 -0.044142
0.999033 -0.043968
0.999041 -0.043794
0.999048 -0.043619
0.999056 -0.043445
0.999063 -0.043271
0.999071 -0.043096
0.999078 -0.042922
0.999086 -0.042748
0.999093 -0.042573
0.999101 -0.042399
0.999108 -0.042224
0.999116 -0.042050
0.999123 -0.041876
0.999130 -0.041701
0.999137 -0.041527
0.999145 -0.041353
0.999152 -0.041178
0.999159 -0.041004
0.999166 -0.040829
0.999173 -0.040655
0.999180 -0.040481
0.999187 -0.040306
0.999194 -0.040132
0.999201 -0.039957
0.999208 -0.039783
0.999215 -0.039609
0.999222 -0.039434
0.999229 -0.039260
0.999236 -0.039085
0.999243 -0.038911
0.999249 -0.038737
0.999256 -0.038562
0.999263 -0.038388
0.999270 -0.038213
0.999276 -0.038039
0.999283 -0.037865
0.999289 -0.037690
0.999296 -0.037516
0.999303 -0.037341
0.999309 -0.037167
0.999316 -0.036993
0.999322 -0.036818
0.999328 -0.036644
0.999335 -0.036469
0.999341 -0.036295
0.999347 -0.036120
0.999354 -0.035946
0.999360 -0.035772
0.999366 -0.035597
0.999372 -0.035423
0.999379 -0.035248
0.999385 -0.035074
0.999391 -0.034899
0.999397 -0.034725
0.999403 -0.034551
0.999409 -0.034376
0.999415 -0.034202
0.999421 -0.034027
0.999427 -0.033853
0.999433 -0.033678
0.999439 -0.033504
0.999444 -0.033330
0.999450 -0.033155
0.999456 -0.032981
0.999462 -0.032806
0.999467 -0.032632
0.999473 -0.032457
0.999479 -0.032283
0.999484 -0.032109
0.999490 -0.031934
0.999496 -0.031760
0.999501 -0.031585
0.999507 -0.031411
0.999512 -0.031236
0.999517 -0.031062
0.999523 -0.030887
0.999528 -0.030713
0.999534 -0.030539
0.999539 -0.030364
0.999544 -0.030190
0.999549 -0.030015
0.999555 -0.029841
0.999560 -0.029666
0.999565 -0.029492
0.999570 -0.029317
0.999575 -0.029143
0.999580 -0.028968
0.999585 -0.028794
0.999590 -0.028619
0.999595 -0.028445
0.999600 -0.028271
0.999605 -0.028096
0.999610 -0.027922
0.999615 -0.027747
0.999620 -0.027573
0.999625 -0.027398
0.999629 -0.027224
0.999634 -0.027049
0.999639 -0.026875
0.999643 -0.026700
0.999648 -0.026526
0.999653 -0.026351
0.999657 -0.026177
0.999662 -0.026002
0.999666 -0.025828
0.999671 -0.025654
0.999675 -0.025479
0.999680 -0.025305
0.999684 -0.025130
0.999689 -0.024956
0.999693 -0.024781
0.999697 -0.024607
0.999701 -0.024432
0.999706 -0.024258
0.999710 -0.024083
0.999714 -0.023909
0.999718 -0.023734
0.999722 -0.023560
0.999727 -0.023385
0.999731 -0.023211
0.999735 -0.023036
0.999739 -0.022862
0.999743 -0.022687
0.999747 -0.022513
0.999750 -0.022338
0.999754 -0.022164
0.999758 -0.021989
0.999762 -0.021815
0.999766 -0.021640
0.999770 -0.021466
0.999773 -0.021291
0.999777 -0.021117
0.999781 -0.020942
0.999784 -0.020768
0.999788 -0.020593
0.999792 -0.020419
0.999795 -0.020244
0.999799 -0.020070
0.999802 -0.019895
0.999806 -0.019721
0.999809 -0.019546
0.999812 -0.019372
0.999816 -0.019197
0.999819 -0.019023
0.999822 -0.018848
0.999826 -0.018674
0.999829 -0.018499
0.999832 -0.018325
0.999835 -0.018150
0.999838 -0.017976
0.999842 -0.017801
0.999845 -0.017627
0.999848 -0.017452
0.999851 -0.017278
0.999854 -0.017103
0.999857 -0.016929
0.999860 -0.016754
0.999863 -0.016580
0.999865 -0.016405
0.999868 -0.016231
0.999871 -0.016056
0.999874 -0.015882
0.999877 -0.015707
0.999879 -0.015533
0.999882 -0.015358
0.999885 -0.015184
0.999887 -0.015009
0.999890 -0.014835
0.999893 -0.014660
0.999895 -0.014486
0.999898 -0.014311
0.999900 -0.014137
0.999903 -0.013962
0.999905 -0.013788
0.999907 -0.013613
0.999910 -0.013439
0.999912 -0.013264
0.999914 -0.013090
0.999917 -0.012915
0.999919 -0.012741
0.999921 -0.012566
0.999923 -0.012392
0.999925 -0.012217
0.999927 -0.012042
0.999930 -0.011868
0.999932 -0.011693
0.999934 -0.011519
0.999936 -0.011344
0.999938 -0.011170
0.999940 -0.010995
0.999941 -0.010821
0.999943 -0.010646
0.999945 -0.010472
0.999947 -0.010297
0.999949 -0.010123
0.999951 -0.009948
0.999952 -0.009774
0.999954 -0.009599
0.999956 -0.009425
0.999957 -0.009250
0.999959 -0.009076
0.999960 -0.008901
0.999962 -0.008727
0.999963 -0.008552
0.999965 -0.008377
0.999966 -0.008203
0.999968 -0.008028
0.999969 -0.007854
0.999971 -0.007679
0.999972 -0.007505
0.999973 -0.007330
0.999974 -0.007156
0.999976 -0.006981
0.999977 -0.006807
0.999978 -0.006632
0.999979 -0.006458
0.999980 -0.006283
0.999981 -0.006109
0.999982 -0.005934
0.999983 -0.005760
0.999984 -0.005585
0.999985 -0.005410
0.999986 -0.005236
0.999987 -0.005061
0.999988 -0.004887
0.999989 -0.004712
0.999990 -0.004538
0.999990 -0.004363
0.999991 -0.004189
0.999992 -0.004014
0.999993 -0.003840
0.999993 -0.003665
0.999994 -0.003491
0.999995 -0.003316
0.999995 -0.003142
0.999996 -0.002967
0.999996 -0.002793
0.999997 -0.002618
0.999997 -0.002443
0.999997 -0.002269
0.999998 -0.002094
0.999998 -0.001920
0.999998 -0.001745
0.999999 -0.001571
0.999999 -0.001396
0.999999 -0.001222
0.999999 -0.001047
1.000000 -0.000873
1.000000 -0.000698
1.000000 -0.000524
1.000000 -0.000349
1.000000 -0.000175
1.000000 -0.000000
1.000000 0.000175
1.000000 0.000349
1.000000 0.000524
1.000000 0.000698
1.000000 0.000873
0.999999 0.001047
0.999999 0.001222
0.999999 0.001396
0.999999 0.001571
0.999998 0.001745
0.999998 0.001920
0.999998 0.002094
0.999997 0.002269
0.999997 0.002443
0.999997 0.002618
0.999996 0.002793
0.999996 0.002967
0.999995 0.003142
0.999995 0.003316
0.999994 0.003491
0.999993 0.003665
0.999993 0.003840
0.999992 0.004014
0.999991 0.004189
0.999990 0.004363
0.999990 0.004538
0.999989 0.004712
0.999988 0.004887
0.999987 0.005061
0.999986 0.005236
0.999985 0.005410
0.999984 0.005585
0.999983 0.005760
0.999982 0.005934
0.999981 0.006109
0.999980 0.006283
0.999979 0.006458
0.999978 0.006632
0.999977 0.006807
0.999976 0.006981
0.999974 0.007156
0.999973 0.007330
0.999972 0.007505
0.999971 0.007679
0.999969 0.007854
0.999968 0.008028
0.999966 0.008203
0.999965 0.008377
0.999963 0.008552
0.999962 0.008727
0.999960 0.008901
0.999959 0.009076
0.999957 0.009250
0.999956 0.009425
0.999954 0.009599
0.999952 0.009774
0.999951 0.009948
0.999949 0.010123
0.999947 0.010297
0.999945 0.010472
0.999943 0.010646
0.999941 0.010821
0.999940 0.010995
0.999938 0.011170
0.999936 0.011344
0.999934 0.011519
0.999932 0.011693
0.999930 0.011868
0.999927 0.012042
0.999925 0.012217
0.999923 0.012392
0.999921 0.012566
0.999919 0.012741
0.999917 0.012915
0.999914 0.013090
0.999912 0.013264
0.999910 0.013439
0.999907 0.013613
0.999905 0.013788
0.999903 0.013962
0.999900 0.014137
0.999898 0.014311
0.999895 0.014486
0.999893 0.014660
0.999890 0.014835
0.999887 0.015009
0.999885 0.015184
0.999882 0.015358
0.999879 0.015533
0.999877 0.015707
0.999874 0.015882
0.999871 0.016056
0.999868 0.016231
0.999865 0.016405
0.999863 0.016580
0.999860 0.016754
0.999857 0.016929
0.999854 0.017103
0.999851 0.017278
0.999848 0.017452
0.999845 0.017627
0.999842 0.017801
0.999838 0.017976
0.999835 0.018150
0.999832 0.018325
0.999829 0.018499
0.999826 0.018674
0.999822 0.018848
0.999819 0.019023
0.999816 0.019197
0.999812 0.019372
0.999809 0.019546
0.999806 0.019721
0.999802 0.019895
0.999799 0.020070
0.999795 0.020244
0.999792 0.020419
0.999788 0.020593
0.999784 0.020768
0.999781 0.020942
0.999777 0.021117
0.999773 0.021291
0.999770 0.021466
0.999766 0.021640
0.999762 0.021815
0.999758 0.021989
0.999754 0.022164
0.999750 0.022338
0.999747 0.022513
0.999743 0.022687
0.999739 0.022862
0.999735 0.023036
0.999731 0.023211
0.999727 0.023385
0.999722 0.023560
0.999718 0.023734
0.999714 0.023909
0.999710 0.024083
0.999706 0.024258
0.999701 0.024432
0.999697 0.024607
0.999693 0.024781
0.999689 0.024956
0.999684 0.025130
0.999680 0.025305
0.999675 0.025479
0.999671 0.025654
0.999666 0.025828
0.999662 0.026002
0.999657 0.026177
0.999653 0.026351
0.999648 0.026526
0.999643 0.026700
0.999639 0.026875
0.999634 0.027049
0.999629 0.027224
0.999625 0.027398
0.999620 0.027573
0.999615 0.027747
0.999610 0.027922
0.999605 0.028096
0.999600 0.028271
0.999595 0.028445
0.999590 0.028619
0.999585 0.028794
0.999580 0.028968
0.999575 0.029143
0.999570 0.029317
0.999565 0.029492
0.999560 0.029666
0.999555 0.029841
0.999549 0.030015
0.999544 0.030190
0.999539 0.030364
0.999534 0.030539
0.999528 0.030713
0.999523 0.030887
0.999517 0.031062
0.999512 0.031236
0.999507 0.031411
0.999501 0.031585
0.999496 0.031760
0.999490 0.031934
0.999484 0.032109
0.999479 0.032283
0.999473 0.032457
0.999467 0.032632
0.999462 0.032806
0.999456 0.032981
0.999450 0.033155
0.999444 0.033330
0.999439 0.033504
0.999433 0.033678
0.999427 0.033853
0.999421 0.034027
0.999415 0.034202
0.999409 0.034376
0.999403 0.034551
0.999397 0.034725
0.999391 0.034899
0.999385 0.035074
0.999379 0.035248
0.999372 0.035423
0.999366 0.035597
0.999360 0.035772
0.999354 0.035946
0.999347 0.036120
0.999341 0.036295
0.999335 0.036469
0.999328 0.036644
0.999322 0.036818
0.999316 0.036993
0.999309 0.037167
0.999303 0.037341
0.999296 0.037516
0.999289 0.037690
0.999283 0.037865
0.999276 0.038039
0.999270 0.038213
0.999263 0.038388
0.999256 0.038562
0.999249 0.038737
0.999243 0.038911
0.999236 0.039085
0.999229 0.039260
0.999222 0.039434
0.999215 0.039609
0.999208 0.039783
0.999201 0.039957
0.999194 0.040132
0.999187 0.040306
0.999180 0.040481
0.999173 0.040655
0.999166 0.040829
0.999159 0.041004
0.999152 0.041178
0.999145 0.041353
0.999137 0.041527
0.999130 0.041701
0.999123 0.041876
0.999116 0.042050
0.999108 0.042224
0.999101 0.042399
0.999093 0.042573
0.999086 0.042748
0.999078 0.042922
0.999071 0.043096
0.999063 0.043271
0.999056 0.043445
0.999048 0.043619
0.999041 0.043794
0.999033 0.043968
0.999025 0.044142
0.999018 0.044317
0.999010 0.044491
0.999002 0.044666
0.998994 0.044840
0.998986 0.045014
0.998978 0.045189
0.998971 0.045363
0.998963 0.045537
0.998955 0.045712
0.998947 0.045886
0.998939 0.046060
0.998931 0.046235
0.998923 0.046409
0.998914 0.046583
0.998906 0.046758
0.998898 0.046932
0.998890 0.047106
0.998882 0.047281
0.998873 0.047455
0.998865 0.047629
0.998857 0.047804
0.998848 0.047978
0.998840 0.048152
0.998832 0.048327
0.998823 0.048501
0.998815 0.048675
0.998806 0.048850
0.998798 0.049024
0.998789 0.049198
0.998780 0.049373
0.998772 0.049547
0.998763 0.049721
0.998754 0.049896
0.998746 0.050070
0.998737 0.050244
0.998728 0.050419
0.998719 0.050593
0.998711 0.050767
0.998702 0.050942
0.998693 0.051116
0.998684 0.051290
0.998675 0.051464
0.998666 0.051639
0.998657 0.051813
0.998648 0.051987
0.998639 0.052162
0.998630 0.052336
0.998620 0.052510
0.998611 0.052685
0.998602 0.052859
0.998593 0.053033
0.998583 0.053207
0.998574 0.053382
0.998565 0.053556
0.998555 0.053730
0.998546 0.053905
0.998537 0.054079
0.998527 0.054253
0.998518 0.054427
0.998508 0.054602
0.998499 0.054776
0.998489 0.054950
0.998479 0.055124
0.998470 0.055299
0.998460 0.055473
0.998450 0.055647
0.998441 0.055822
0.998431 0.055996
0.998421 0.056170
0.998411 0.056344
0.998402 0.056519
0.998392 0.056693
0.998382 0.056867
0.998372 0.057041
0.998362 0.057216
0.998352 0.057390
0.998342 0.057564
0.998332 0.057738
0.998322 0.057913
0.998312 0.058087
0.998301 0.058261
0.998291 0.058435
0.998281 0.058609
0.998271 0.058784
0.998260 0.058958
0.998250 0.059132
0.998240 0.059306
0.998229 0.059481
0.998219 0.059655
0.998209 0.059829
0.998198 0.060003
0.998188 0.060177
0.998177 0.060352
0.998167 0.060526
0.998156 0.060700
0.998145 0.060874
0.998135 0.061049
0.998124 0.061223
0.998113 0.061397
0.998103 0.061571
0.998092 0.061745
0.998081 0.061920
0.998070 0.062094
0.998059 0.062268
0.998049 0.062442
0.998038 0.062616
0.998027 0.062791
0.998016 0.062965
0.998005 0.063139
0.997994 0.063313
0.997983 0.063487
0.997972 0.063661
0.997960 0.063836
0.997949 0.064010
0.997938 0.064184
0.997927 0.064358
0.997916 0.064532
0.997904 0.064706
0.997893 0.064881
0.997882 0.065055
0.997870 0.065229
0.997859 0.065403
0.997847 0.065577
0.997836 0.065751
0.997825 0.065926
0.997813 0.066100
0.997801 0.066274
0.997790 0.066448
0.997778 0.066622
0.997767 0.066796
0.997755 0.066970
0.997743 0.067145
0.997732 0.067319
0.997720 0.067493
0.997708 0.067667
0.997696 0.067841
0.997684 0.068015
0.997672 0.068189
0.997660 0.068364
0.997649 0.068538
0.997637 0.068712
0.997625 0.068886
0.997613 0.069060
0.997600 0.069234
0.997588 0.069408
0.997576 0.069582
0.997564 0.069756
0.997552 0.069931
0.997540 0.070105
0.997527 0.070279
0.997515 0.070453
0.997503 0.070627
0.997490 0.070801
0.997478 0.070975
0.997466 0.071149
0.997453 0.071323
0.997441 0.071497
0.997428 0.071672
0.997416 0.071846
0.997403 0.072020
0.997391 0.072194
0.997378 0.072368
0.997365 0.072542
0.997353 0.072716
0.997340 0.072890
0.997327 0.073064
0.997314 0.073238
0.997302 0.073412
0.997289 0.073586
0.997276 0.073760
0.997263 0.073934
0.997250 0.074108
0.997237 0.074283
0.997224 0.074457
0.997211 0.074631
0.997198 0.074805
0.997185 0.074979
0.997172 0.075153
0.997159 0.075327
0.997146 0.075501
0.997133 0.075675
0.997119 0.075849
0.997106 0.076023
0.997093 0.076197
0.997079 0.076371
0.997066 0.076545
0.997053 0.076719
0.997039 0.076893
0.997026 0.077067
0.997012 0.077241
0.996999 0.077415
0.996985 0.077589
0.996972 0.077763
0.996958 0.077937
0.996945 0.078111
0.996931 0.078285
0.996917 0.078459
0.996904 0.078633
0.996890 0.078807
0.996876 0.078981
0.996862 0.079155
0.996848 0.079329
0.996835 0.079503
0.996821 0.079677
0.996807 0.079851
0.996793 0.080025
0.996779 0.080199
0.996765 0.080373
0.996751 0.080547
0.996737 0.080721
0.996723 0.080895
0.996709 0.081069
0.996694 0.081243
0.996680 0.081417
0.996666 0.081591
0.996652 0.081765
0.996637 0.081939
0.996623 0.082112
0.996609 0.082286
0.996594 0.082460
0.996580 0.082634
0.996566 0.082808
0.996551 0.082982
0.996537 0.083156
0.996522 0.083330
0.996507 0.083504
0.996493 0.083678
0.996478 0.083852
0.996464 0.084026
0.996449 0.084200
0.996434 0.084374
0.996419 0.084547
0.996405 0.084721
0.996390 0.084895
0.996375 0.085069
0.996360 0.085243
0.996345 0.085417
0.996330 0.085591
0.996315 0.085765
0.996300 0.085939
0.996285 0.086112
0.996270 0.086286
0.996255 0.086460
0.996240 0.086634
0.996225 0.086808
0.996210 0.086982
0.996195 0.087156
0.996179 0.087330
0.996164 0.087503
0.996149 0.087677
0.996134 0.087851
0.996118 0.088025
0.996103 0.088199
0.996087 0.088373
0.996072 0.088547
0.996057 0.088720
0.996041 0.088894
0.996026 0.089068
0.996010 0.089242
0.995994 0.089416
0.995979 0.089590
0.995963 0.089763
0.995947 0.089937
0.995932 0.090111
0.995916 0.090285
0.995900 0.090459
0.995884 0.090633
0.995869 0.090806
0.995853 0.090980
0.995837 0.091154
0.995821 0.091328
0.995805 0.091502
0.995789 0.091675
0.995773 0.091849
0.995757 0.092023
0.995741 0.092197
0.995725 0.092371
0.995709 0.092544
0.995692 0.092718
0.995676 0.092892
0.995660 0.093066
0.995644 0.093239
0.995627 0.093413
0.995611 0.093587
0.995595 0.093761
0.995578 0.093935
0.995562 0.094108
0.995546 0.094282
0.995529 0.094456
0.995513 0.094630
0.995496 0.094803
0.995479 0.094977
0.995463 0.095151
0.995446 0.095325
0.995430 0.095498
0.995413 0.095672
0.995396 0.095846
0.995379 0.096019
0.995363 0.096193
0.995346 0.096367
0.995329 0.096541
0.995312 0.096714
0.995295 0.096888
0.995278 0.097062
0.995261 0.097235
0.995244 0.097409
0.995227 0.097583
0.995210 0.097757
0.995193 0.097930
0.995176 0.098104
0.995159 0.098278
0.995142 0.098451
0.995125 0.098625
0.995107 0.098799
0.995090 0.098972
0.995073 0.099146
0.995056 0.099320
0.995038 0.099493
0.995021 0.099667
0.995003 0.099841
0.994986 0.100014
0.994969 0.100188
0.994951 0.100362
0.994933 0.100535
0.994916 0.100709
0.994898 0.100883
0.994881 0.101056
0.994863 0.101230
0.994845 0.101404
0.994828 0.101577
0.994810 0.101751
0.994792 0.101924
0.994774 0.102098
0.994757 0.102272
0.994739 0.102445
0.994721 0.102619
0.994703 0.102793
0.994685 0.102966
0.994667 0.103140
0.994649 0.103313
0.994631 0.103487
0.994613 0.103661
0.994595 0.103834
0.994576 0.104008
0.994558 0.104181
0.994540 0.104355
0.994522 0.104528
0.994504 0.104702
0.994485 0.104876
0.994467 0.105049
0.994449 0.105223
0.994430 0.105396
0.994412 0.105570
0.994393 0.105743
0.994375 0.105917
0.994356 0.106091
0.994338 0.106264
0.994319 0.106438
0.994301 0.106611
0.994282 0.106785
0.994264 0.106958
0.994245 0.107132
0.994226 0.107305
0.994207 0.107479
0.994189 0.107652
0.994170 0.107826
0.994151 0.107999
0.994132 0.108173
0.994113 0.108346
0.994094 0.108520
0.994075 0.108693
0.994056 0.108867
0.994037 0.109040
0.994018 0.109214
0.993999 0.109387
0.993980 0.109561
0.993961 0.109734
0.993942 0.109908
0.993923 0.110081
0.993903 0.110255
0.993884 0.110428
0.993865 0.110602
0.993845 0.110775
0.993826 0.110949
0.993807 0.111122
0.993787 0.111295
0.993768 0.111469
0.993748 0.111642
0.993729 0.111816
0.993709 0.111989
0.993690 0.112163
0.993670 0.112336
0.993651 0.112510
0.993631 0.112683
0.993611 0.112856
0.993592 0.113030
0.993572 0.113203
0.993552 0.113377
0.993532 0.113550
0.993512 0.113723
0.993493 0.113897
0.993473 0.114070
0.993453 0.114244
0.993433 0.114417
0.993413 0.114590
0.993393 0.114764
0.993373 0.114937
0.993353 0.115111
0.993333 0.115284
0.993312 0.115457
0.993292 0.115631
0.993272 0.115804
0.993252 0.115977
0.993232 0.116151
0.993211 0.116324
0.993191 0.116497
0.993171 0.116671
0.993150 0.116844
0.993130 0.117017
0.993109 0.117191
0.993089 0.117364
0.993068 0.117537
0.993048 0.117711
0.993027 0.117884
0.993007 0.118057
0.992986 0.118231
0.992966 0.118404
0.992945 0.118577
0.992924 0.118751
0.992903 0.118924
0.992883 0.119097
0.992862 0.119270
0.992841 0.119444
0.992820 0.119617
0.992799 0.119790
0.992778 0.119964
0.992757 0.120137
0.992736 0.120310
0.992715 0.120483
0.992694 0.120657
0.992673 0.120830
0.992652 0.121003
0.992631 0.121176
0.992610 0.121350
0.992589 0.121523
0.992567 0.121696
0.992546 0.121869
0.992525 0.122043
0.992504 0.122216
0.992482 0.122389
0.992461 0.122562
0.992439 0.122735
0.992418 0.122909
0.992397 0.123082
0.992375 0.123255
0.992353 0.123428
0.992332 0.123601
0.992310 0.123775
0.992289 0.123948
0.992267 0.124121
0.992245 0.124294
0.992224 0.124467
0.992202 0.124641
0.992180 0.124814
0.992158 0.124987
0.992137 0.125160
0.992115 0.125333
0.992093 0.125506
0.992071 0.125680
0.992049 0.125853
0.992027 0.126026
0.992005 0.126199
0.991983 0.126372
0.991961 0.126545
0.991939 0.126718
0.991917 0.126891
0.991894 0.127065
0.991872 0.127238
0.991850 0.127411
0.991828 0.127584
0.991805 0.127757
0.991783 0.127930
0.991761 0.128103
0.991738 0.128276
0.991716 0.128449
0.991694 0.128623
0.991671 0.128796
0.991649 0.128969
0.991626 0.129142
0.991604 0.129315
0.991581 0.129488
0.991558 0.129661
0.991536 0.129834
0.991513 0.130007
0.991490 0.130180
0.991468 0.130353
0.991445 0.130526
0.991422 0.130699
0.991399 0.130872
0.991376 0.131045
0.991353 0.131218
0.991331 0.131391
0.991308 0.131564
0.991285 0.131737
0.991262 0.131910
0.991239 0.132083
0.991216 0.132256
0.991192 0.132429
0.991169 0.132602
0.991146 0.132775
0.991123 0.132948
0.991100 0.133121
0.991076 0.133294
0.991053 0.133467
0.991030 0.133640
0.991007 0.133813
0.990983 0.133986
0.990960 0.134159
0.990936 0.134332
0.990913 0.134505
0.990889 0.134678
0.990866 0.134851
0.990842 0.135024
0.990819 0.135197
0.990795 0.135370
0.990772 0.135543
0.990748 0.135716
0.990724 0.135888
0.990700 0.136061
0.990677 0.136234
0.990653 0.136407
0.990629 0.136580
0.990605 0.136753
0.990581 0.136926
0.990557 0.137099
0.990533 0.137272
0.990509 0.137445
0.990485 0.137617
0.990461 0.137790
0.990437 0.137963
0.990413 0.138136
0.990389 0.138309
0.990365 0.138482
0.990341 0.138655
0.990317 0.138827
0.990292 0.139000
0.990268 0.139173
0.990244 0.139346
0.990219 0.139519
0.990195 0.139692
0.990171 0.139864
0.990146 0.140037
0.990122 0.140210
0.990097 0.140383
0.990073 0.140556
0.990048 0.140728
0.990024 0.140901
0.989999 0.141074
0.989974 0.141247
0.989950 0.141420
0.989925 0.141592
0.989900 0.141765
0.989876 0.141938
0.989851 0.142111
0.989826 0.142283
0.989801 0.142456
0.989776 0.142629
0.989751 0.142802
0.989726 0.142974
0.989701 0.143147
0.989676 0.143320
0.989651 0.143493
0.989626 0.143665
0.989601 0.143838
0.989576 0.144011
0.989551 0.144183
0.989526 0.144356
0.989501 0.144529
0.989475 0.144702
0.989450 0.144874
0.989425 0.145047
0.989399 0.145220
0.989374 0.145392
0.989349 0.145565
0.989323 0.145738
0.989298 0.145910
0.989272 0.146083
0.989247 0.146256
0.989221 0.146428
0.989196 0.146601
0.989170 0.146774
0.989144 0.146946
0.989119 0.147119
0.989093 0.147292
0.989067 0.147464
0.989042 0.147637
0.989016 0.147809
0.988990 0.147982
0.988964 0.148155
0.988938 0.148327
0.988912 0.148500
0.988886 0.148672
0.988861 0.148845
0.988835 0.149018
0.988809 0.149190
0.988782 0.149363
0.988756 0.149535
0.988730 0.149708
0.988704 0.149880
0.988678 0.150053
0.988652 0.150226
0.988626 0.150398
0.988599 0.150571
0.988573 0.150743
0.988547 0.150916
0.988520 0.151088
0.988494 0.151261
0.988467 0.151433
0.988441 0.151606
0.988415 0.151778
0.988388 0.151951
0.988362 0.152123
0.988335 0.152296
0.988308 0.152468
0.988282 0.152641
0.988255 0.152813
0.988228 0.152986
0.988202 0.153158
0.988175 0.153331
0.988148 0.153503
0.988121 0.153676
0.988094 0.153848
0.988068 0.154021
0.988041 0.154193
0.988014 0.154366
0.987987 0.154538
0.987960 0.154710
0.987933 0.154883
0.987906 0.155055
0.987879 0.155228
0.987852 0.155400
0.987824 0.155572
0.987797 0.155745
0.987770 0.155917
0.987743 0.156090
0.987716 0.156262
0.987688 0.156434
0.987661 0.156607
0.987634 0.156779
0.987606 0.156952
0.987579 0.157124
0.987551 0.157296
0.987524 0.157469
0.987496 0.157641
0.987469 0.157813
0.987441 0.157986
0.987414 0.158158
0.987386 0.158330
0.987359 0.158503
0.987331 0.158675
0.987303 0.158847
0.987275 0.159020
0.987248 0.159192
0.987220 0.159364
0.987192 0.159537
0.987164 0.159709
0.987136 0.159881
0.987108 0.160053
0.987080 0.160226
0.987052 0.160398
0.987024 0.160570
0.986996 0.160743
0.986968 0.160915
0.986940 0.161087
0.986912 0.161259
0.986884 0.161432
0.986856 0.161604
0.986827 0.161776
0.986799 0.161948
0.986771 0.162121
0.986743 0.162293
0.986714 0.162465
0.986686 0.162637
0.986658 0.162809
0.986629 0.162982
0.986601 0.163154
0.986572 0.163326
0.986544 0.163498
0.986515 0.163670
0.986487 0.163843
0.986458 0.164015
0.986429 0.164187
0.986401 0.164359
0.986372 0.164531
0.986343 0.164703
0.986314 0.164875
0.986286 0.165048
0.986257 0.165220
0.986228 0.165392
0.986199 0.165564
0.986170 0.165736
0.986141 0.165908
0.986112 0.166080
0.986083 0.166252
0.986054 0.166425
0.986025 0.166597
0.985996 0.166769
0.985967 0.166941
0.985938 0.167113
0.985909 0.167285
0.985879 0.167457
0.985850 0.167629
0.985821 0.167801
0.985792 0.167973
0.985762 0.168145
0.985733 0.168317
0.985703 0.168489
0.985674 0.168661
0.985645 0.168833
0.985615 0.169005
0.985586 0.169177
0.985556 0.169350
0.985526 0.169522
0.985497 0.169694
0.985467 0.169866
0.985438 0.170038
0.985408 0.170209
0.985378 0.170381
0.985348 0.170553
0.985319 0.170725
0.985289 0.170897
0.985259 0.171069
0.985229 0.171241
0.985199 0.171413
0.985169 0.171585
0.985139 0.171757
0.985109 0.171929
0.985079 0.172101
0.985049 0.172273
0.985019 0.172445
0.984989 0.172617
0.984959 0.172789
0.984929 0.172961
0.984899 0.173133
0.984868 0.173304
0.984838 0.173476
0.984808 0.173648
